1 0.04314955323934555 0.5899229645729065 0.06113581359386444 0.047381691634655
1 0.8526912927627563 0.4651001989841461 0.0457858107984066 0.04131374880671501
1 0.8781400322914124 0.6057379841804504 0.06557872146368027 0.053539156913757324
1 0.10059759765863419 0.5687400102615356 0.05581256002187729 0.049947164952754974
1 0.2035120576620102 0.5334979295730591 0.044111501425504684 0.04531267285346985
1 0.8032406568527222 0.46042555570602417 0.0357913039624691 0.03868963196873665
1 0.1552143543958664 0.5508474111557007 0.050700221210718155 0.044918425381183624
1 0.34363454580307007 0.849495530128479 0.08629976958036423 0.06565167009830475
1 0.8041161298751831 0.5906153917312622 0.05877427011728287 0.05833277851343155
1 0.9633448719978333 0.6232902407646179 0.06809666007757187 0.061318539083004
1 0.25736477971076965 0.8151859641075134 0.07999537140130997 0.058523211628198624
1 0.18645605444908142 0.7925922274589539 0.06000617519021034 0.05600642040371895
1 0.42572012543678284 0.8829373121261597 0.0772571861743927 0.08074994385242462
1 0.7546932101249695 0.4567679464817047 0.03445151820778847 0.0357029028236866
1 0.7296804189682007 0.5788483023643494 0.0544891357421875 0.06090691313147545
1 0.11096221208572388 0.5668485164642334 0.0426800511777401 0.05049515143036842
1 0.453185296853409 0.4451482098396431 0.025295102496890598 0.032266939462063604
1 0.7078475952148438 0.45111939311027527 0.037083134055137634 0.03592127934098244
1 0.42425025853154086 0.45287044220325834 0.035677352637021764 0.036074476338246675
2 0.120926243567753 0.5327763496143959 0.2315608919382504 0.10154241645244211
2 0.8445475638051044 0.5648389904264577 0.3132250580046405 0.09747606614447335
1 0.477748304605484 0.4362485110759735 0.0263564083725214 0.0369272418320179
2 0.2966549295774648 0.7631926121372032 0.4172535211267606 0.1886543535620051
2 0.7840608465608465 0.43030753968253965 0.2136243386243386 0.03819444444444442
1 0.5028438469493278 0.42649340574088446 0.023267838676318542 0.032195500387897535
2 0.46218487394957986 0.4153209925167389 0.13760504201680668 0.04450571090980704
