1 0.9661378636956215 0.36542999744415283 0.05745955556631088 0.04547518864274025
1 0.7001970708370209 0.11472910642623901 0.0781952366232872 0.07389220595359802
1 0.7799257040023804 0.15048235654830933 0.08502281457185745 0.0654592365026474
1 0.5690905451774597 0.4800395369529724 0.0339377261698246 0.03361208736896515
1 0.2831270694732666 0.4790535569190979 0.03783445060253143 0.032333195209503174
1 0.8523036241531372 0.3987947106361389 0.05754048749804497 0.044933564960956573
1 0.7959713488817215 0.41444551944732666 0.047051988542079926 0.04367350414395332
1 0.13683706521987915 0.46375757455825806 0.0423729307949543 0.0377432219684124
1 0.23531126976013184 0.47322237491607666 0.037037357687950134 0.033958740532398224
2 0.8807839304208755 0.39650624990463257 0.2384321391582489 0.046849511563777924
1 0.8453149348497391 0.1713268756866455 0.06825075298547745 0.054681386798620224
1 0.029331624507904053 0.3212624192237854 0.0577167309820652 0.0658029243350029
2 0.15585041046142578 0.391015887260437 0.30601266026496887 0.039896104484796524
1 0.18829268217086792 0.46836400032043457 0.03540725260972977 0.0348210446536541
1 0.9080856218934059 0.3843469023704529 0.06604783982038498 0.04812489077448845
2 0.883439190685749 0.40707844495773315 0.2331216186285019 0.045972857624292374
