1 0.9568504467606544 0.4100770354270935 0.06113581359386444 0.047381691634655
1 0.14730870723724365 0.5348998010158539 0.0457858107984066 0.04131374880671501
1 0.12185996770858765 0.39426201581954956 0.06557872146368027 0.053539156913757324
1 0.8994024023413658 0.43125998973846436 0.05581256002187729 0.049947164952754974
1 0.7964879423379898 0.4665020704269409 0.044111501425504684 0.04531267285346985
1 0.19675934314727783 0.5395744442939758 0.0357913039624691 0.03868963196873665
1 0.8447856456041336 0.4491525888442993 0.050700221210718155 0.044918425381183624
1 0.6563654541969299 0.150504469871521 0.08629976958036423 0.06565167009830475
1 0.1958838701248169 0.4093846082687378 0.05877427011728287 0.05833277851343155
1 0.03665512800216675 0.3767097592353821 0.06809666007757187 0.061318539083004
1 0.7426352202892303 0.18481403589248657 0.07999537140130997 0.058523211628198624
1 0.8135439455509186 0.20740777254104614 0.06000617519021034 0.05600642040371895
1 0.5742798745632172 0.11706268787384033 0.0772571861743927 0.08074994385242462
1 0.24530678987503052 0.5432320535182953 0.03445151820778847 0.0357029028236866
1 0.2703195810317993 0.42115169763565063 0.0544891357421875 0.06090691313147545
1 0.8890377879142761 0.4331514835357666 0.0426800511777401 0.05049515143036842
1 0.546814703146591 0.5548517901603569 0.025295102496890598 0.032266939462063604
1 0.29215240478515625 0.5488806068897247 0.037083134055137634 0.03592127934098244
1 0.5757497414684591 0.5471295577967417 0.035677352637021764 0.036074476338246786
2 0.879073756432247 0.4672236503856041 0.23156089193825036 0.10154241645244211
2 0.15545243619489557 0.4351610095735423 0.3132250580046405 0.09747606614447335
1 0.522251695394516 0.5637514889240265 0.0263564083725214 0.0369272418320179
2 0.7033450704225352 0.23680738786279676 0.4172535211267605 0.1886543535620051
2 0.2159391534391535 0.5696924603174603 0.2136243386243386 0.03819444444444442
1 0.4971561530506722 0.5735065942591155 0.023267838676318542 0.032195500387897535
2 0.5378151260504201 0.5846790074832611 0.13760504201680668 0.04450571090980704
