1 0.03386213630437851 0.6345700025558472 0.05745955556631088 0.04547518864274025
1 0.2998029291629791 0.885270893573761 0.0781952366232872 0.07389220595359802
1 0.22007429599761963 0.8495176434516907 0.08502281457185745 0.0654592365026474
1 0.4309094548225403 0.5199604630470276 0.0339377261698246 0.03361208736896515
1 0.7168729305267334 0.5209464430809021 0.03783445060253143 0.032333195209503174
1 0.1476963758468628 0.6012052893638611 0.05754048749804497 0.044933564960956573
1 0.2040286511182785 0.5855544805526733 0.047051988542079926 0.04367350414395332
1 0.8631629347801208 0.5362424254417419 0.0423729307949543 0.0377432219684124
1 0.7646887302398682 0.5267776250839233 0.037037357687950134 0.033958740532398224
2 0.11921606957912445 0.6034937500953674 0.2384321391582489 0.046849511563777924
1 0.15468506515026093 0.8286731243133545 0.06825075298547745 0.054681386798620224
1 0.970668375492096 0.6787375807762146 0.0577167309820652 0.0658029243350029
2 0.8441495895385742 0.608984112739563 0.30601266026496887 0.039896104484796524
1 0.8117073178291321 0.5316359996795654 0.03540725260972977 0.0348210446536541
1 0.09191437810659409 0.6156530976295471 0.06604783982038498 0.04812489077448845
2 0.11656080931425095 0.5929215550422668 0.2331216186285019 0.045972857624292374
